1
0

1.33333
0

1.66667
0

1.16667
1

1.33333
1

1.5
1

1.66667
1

1.83333
1

2
1

2.25
2

2.5
2

2.75
2

3
2

3.5
4

4
4

2.8
3

3
3

3.2
3

3.4
3

3.6
3

1
1

1.33333
1

1.66667
1

1.16667
2

1.33333
2

1.5
2

1.66667
2

1.83333
2

2
2

1.75
4

2
4

2.25
4

2.5
4

2.2
5

2.4
5

2.6
5

2.8
5

3
5

2.75
3

2.875
3

3
3

3.125
3

3.25
3

3.375
3

3.5
3

3.625
3

